ROTX-3,14   {(1, 0, 0, 0)
(0, -1, 0, 0)
(0, 0, -1, 0)
(0, 0, 0, 1)}	OpenTK.Matrix4
ROTX3,14-TR {(1, 0, 0, 0)(0, -1, 0, 0)(0, 0, -1, 0)(0,1, -0,4999996, -4, 1)}

ROTX+3,14 {(1, 0, 0, 0)
(0, -1, 0, 0)
(0, 0, -1, 0)
(0, 0, 0, 1)}	OpenTK.Matrix4
ROTX+1,57 {(1, 0, 0, 0)(0, -0, 1, 0)(0, -1, 0, 0)(0, 0, 0, 1)}

ROTY+1,57 {(0, 0, -1, 0)(0, 1, 0, 0)(1, 0, 0, 0)(0, 0, 0, 1)}
ROTY+3,14 {(-1, 0, 0, 0)(0, 1, 0, 0)(0, 0, -1, 0)(0, 0, 0, 1)}

Trans:        {(1, 0, 0, 0)(0, 1, 0, 0)(0, 0, 1, 0)(-0,1, -0,5, -4, 1)}

TR+ROTY3,14 {(-1, 0, 0, 0)(0, 1, 0, 0)(0, 0, -1, 0)(-0,1, -0,5, -4, 1)}

ROTY3,14+TR {(-1, 0, 0, 0)(0, 1, 0, 0)(0, 0, -1, 0)(0,1000004,-0,5, 4, 1)}


{(0,3527755, 0,2131323, 0,9111114, 0,3409168)(0,1259316, 0,9540403, -0,2719342, 0,8571823)(-0,927195, 0,2106694, 0,309722, 1,137835)(0, 0, 0, 1)}



støed místnosti dole kvoknu
{(0,07536846, 0,0187832, 0,9969789, 0)(-0,1007835, -0,9945592, 0,02635653, 0)(0,9920496, -0,1024655, -0,07306531, 0)(-0,4898185, 0,04680252, -0,1685313, 1)}
úroveò PC dole kvoknu
{(0,01734099, 0,0369628, 0,9991663, 0)(-0,1188011, -0,9921611, 0,0387655, 0)(0,9927666, -0,1193743, -0,01281372, 0)(0,2560161, 0,03062713, -0,08846986, 1)}

kvoknu
{(0,1264207, 0,001443836, 0,9919757, 0)(-0,1496868, -0,9885207, 0,02051538, 0)(0,9806181, -0,1510792, -0,1247532, 0)(0,3554798, 0,8371638, 1,201477, 1)}
odvokna
{(-0,06801736, -0,02136107, -0,9974555, 0)(0,0250141, -0,9994931, 0,01969897, 0)(-0,9973705, -0,02361057, 0,06851724, 0)(0,4422003, 0,8333762, 1,195859, 1)}
ktv
{(-0,9952727, 0,08472563, 0,04747543, 0)(-0,08766541, -0,9941111, -0,0637024, 0)(0,04179862, -0,06756321, 0,9968391, 0)(0,3758038, 0,8378716, 1,131722, 1)}
ktv-10cm
{(-0,9923375, 0,09125067, 0,08330524, 0)(-0,09615158, -0,9937425, -0,05684081, 0)(0,0775972, -0,06441519, 0,9949018, 0)(0,3987336, 0,8381177, 1,252825, 1)}




Mirror:
1,1,1
-1,1,1,
1,-1,1,
1,1,-1,
